user.out;1.0;true;71;0;8;0;267;71;0;8;0;
user.out;1.0;true;71;0;8;0;547;71;0;8;0;
user.out;1.0;true;71;0;8;0;576;71;0;8;0;
user.out;1.0;true;71;0;8;0;359;71;0;8;0;
user.out;1.0;true;71;0;8;0;442;71;0;8;0;
user.out;1.0;true;71;0;8;0;584;71;0;8;0;
user.out;1.0;true;71;0;8;0;545;71;0;8;0;
user.out;1.0;true;71;0;8;0;398;71;0;8;0;
user.out;1.0;true;71;0;8;0;450;71;0;8;0;
user.out;1.0;true;71;0;8;0;649;71;0;8;0;
user.out;1.0;true;71;0;8;0;432;71;0;8;0;
user.out;1.0;true;71;0;8;0;445;71;0;8;0;
user.out;1.0;true;71;0;8;0;485;71;0;8;0;
user.out;1.0;true;71;0;8;0;540;71;0;8;0;
user.out;1.0;true;71;0;8;0;558;71;0;8;0;
user.out;1.0;true;71;0;8;0;477;71;0;8;0;
user.out;1.0;true;71;0;8;0;465;71;0;8;0;
user.out;1.0;true;71;0;8;0;386;71;0;8;0;
user.out;1.0;true;71;0;8;0;343;71;0;8;0;
user.out;1.0;true;71;0;8;0;418;71;0;8;0;
user.out;1.0;true;71;0;8;0;378;71;0;8;0;
user.out;1.0;true;71;0;8;0;387;71;0;8;0;
user.out;1.0;true;71;0;8;0;544;71;0;8;0;
user.out;1.0;true;71;0;8;0;473;71;0;8;0;
user.out;1.0;true;71;0;8;0;512;71;0;8;0;
user.out;1.0;true;71;0;8;0;438;71;0;8;0;
user.out;1.0;true;71;0;8;0;460;71;0;8;0;
user.out;1.0;true;71;0;8;0;493;71;0;8;0;
user.out;1.0;true;71;0;8;0;427;71;0;8;0;
user.out;1.0;true;71;0;8;0;754;71;0;8;0;
user.out;1.0;true;71;0;8;0;460;71;0;8;0;
user.out;1.0;true;71;0;8;0;501;71;0;8;0;
user.out;1.0;true;71;0;8;0;317;71;0;8;0;
user.out;1.0;true;71;0;8;0;527;71;0;8;0;
user.out;1.0;true;71;0;8;0;460;71;0;8;0;
user.out;1.0;true;71;0;8;0;624;71;0;8;0;
user.out;1.0;true;71;0;8;0;744;71;0;8;0;
user.out;1.0;true;71;0;8;0;319;71;0;8;0;
user.out;1.0;true;71;0;8;0;304;71;0;8;0;
user.out;1.0;true;71;0;8;0;381;71;0;8;0;
user.out;1.0;true;71;0;8;0;577;71;0;8;0;
user.out;1.0;true;71;0;8;0;481;71;0;8;0;
user.out;1.0;true;71;0;8;0;561;71;0;8;0;
user.out;1.0;true;71;0;8;0;603;71;0;8;0;
user.out;1.0;true;71;0;8;0;561;71;0;8;0;
user.out;1.0;true;71;0;8;0;493;71;0;8;0;
user.out;1.0;true;71;0;8;0;612;71;0;8;0;
user.out;1.0;true;71;0;8;0;316;71;0;8;0;
user.out;1.0;true;71;0;8;0;311;71;0;8;0;
user.out;1.0;true;71;0;8;0;326;71;0;8;0;
user.out;1.0;true;71;0;8;0;383;71;0;8;0;
user.out;1.0;true;71;0;8;0;431;71;0;8;0;
user.out;1.0;true;71;0;8;0;320;71;0;8;0;
user.out;1.0;true;71;0;8;0;663;71;0;8;0;
user.out;1.0;true;71;0;8;0;358;71;0;8;0;
user.out;1.0;true;71;0;8;0;455;71;0;8;0;
user.out;1.0;true;71;0;8;0;458;71;0;8;0;
user.out;1.0;true;71;0;8;0;289;71;0;8;0;
user.out;1.0;true;71;0;8;0;492;71;0;8;0;
user.out;1.0;true;71;0;8;0;535;71;0;8;0;
user.out;1.0;true;71;0;8;0;415;71;0;8;0;
user.out;1.0;true;71;0;8;0;395;71;0;8;0;
user.out;1.0;true;71;0;8;0;378;71;0;8;0;
user.out;1.0;true;71;0;8;0;549;71;0;8;0;
user.out;1.0;true;71;0;8;0;608;71;0;8;0;
user.out;1.0;true;71;0;8;0;449;71;0;8;0;
user.out;1.0;true;71;0;8;0;486;71;0;8;0;
user.out;1.0;true;71;0;8;0;391;71;0;8;0;
user.out;1.0;true;71;0;8;0;393;71;0;8;0;
user.out;1.0;true;71;0;8;0;859;71;0;8;0;
user.out;1.0;true;71;0;8;0;936;71;0;8;0;
user.out;1.0;true;71;0;8;0;977;71;0;8;0;
user.out;1.0;true;71;0;8;0;698;71;0;8;0;
user.out;1.0;true;71;0;8;0;933;71;0;8;0;
user.out;1.0;true;71;0;8;0;859;71;0;8;0;
user.out;1.0;true;71;0;8;0;735;71;0;8;0;
user.out;1.0;true;71;0;8;0;695;71;0;8;0;
user.out;1.0;true;71;0;8;0;829;71;0;8;0;
user.out;1.0;true;71;0;8;0;1063;71;0;8;0;
user.out;1.0;true;71;0;8;0;884;71;0;8;0;
user.out;1.0;true;71;0;8;0;942;71;0;8;0;
user.out;1.0;true;71;0;8;0;908;71;0;8;0;
user.out;1.0;true;71;0;8;0;823;71;0;8;0;
user.out;1.0;true;71;0;8;0;653;71;0;8;0;
user.out;1.0;true;71;0;8;0;1164;71;0;8;0;
user.out;1.0;true;71;0;8;0;859;71;0;8;0;
user.out;1.0;true;71;0;8;0;1048;71;0;8;0;
user.out;1.0;true;71;0;8;0;1020;71;0;8;0;
user.out;1.0;true;71;0;8;0;1300;71;0;8;0;
user.out;1.0;true;71;0;8;0;907;71;0;8;0;
user.out;1.0;true;71;0;8;0;798;71;0;8;0;
user.out;1.0;true;71;0;8;0;725;71;0;8;0;
user.out;1.0;true;71;0;8;0;1188;71;0;8;0;
user.out;1.0;true;71;0;8;0;867;71;0;8;0;
user.out;1.0;true;71;0;8;0;787;71;0;8;0;
user.out;1.0;true;71;0;8;0;847;71;0;8;0;
user.out;1.0;true;71;0;8;0;943;71;0;8;0;
user.out;1.0;true;71;0;8;0;863;71;0;8;0;
user.out;1.0;true;71;0;8;0;838;71;0;8;0;
user.out;1.0;true;71;0;8;0;968;71;0;8;0;
user.out;1.0;true;71;0;8;0;911;71;0;8;0;
user.out;1.0;true;71;0;8;0;562;71;0;8;0;
user.out;1.0;true;71;0;8;0;339;71;0;8;0;
user.out;1.0;true;71;0;8;0;442;71;0;8;0;
user.out;1.0;true;71;0;8;0;666;71;0;8;0;
user.out;1.0;true;71;0;8;0;602;71;0;8;0;
user.out;1.0;true;71;0;8;0;419;71;0;8;0;
user.out;1.0;true;71;0;8;0;328;71;0;8;0;
user.out;1.0;true;71;0;8;0;305;71;0;8;0;
user.out;1.0;true;71;0;8;0;490;71;0;8;0;
user.out;1.0;true;71;0;8;0;310;71;0;8;0;
user.out;1.0;true;71;0;8;0;398;71;0;8;0;
user.out;1.0;true;71;0;8;0;439;71;0;8;0;
user.out;1.0;true;71;0;8;0;545;71;0;8;0;
user.out;1.0;true;71;0;8;0;409;71;0;8;0;
user.out;1.0;true;71;0;8;0;292;71;0;8;0;
user.out;1.0;true;71;0;8;0;420;71;0;8;0;
user.out;1.0;true;71;0;8;0;1062;71;0;8;0;
user.out;1.0;true;71;0;8;0;589;71;0;8;0;
user.out;1.0;true;71;0;8;0;325;71;0;8;0;
user.out;1.0;true;71;0;8;0;460;71;0;8;0;
user.out;1.0;true;71;0;8;0;968;71;0;8;0;
user.out;1.0;true;71;0;8;0;293;71;0;8;0;
user.out;1.0;true;71;0;8;0;432;71;0;8;0;
user.out;1.0;true;71;0;8;0;420;71;0;8;0;
user.out;1.0;true;71;0;8;0;328;71;0;8;0;
user.out;1.0;true;71;0;8;0;452;71;0;8;0;
user.out;1.0;true;71;0;8;0;432;71;0;8;0;
user.out;1.0;true;71;0;8;0;438;71;0;8;0;
user.out;1.0;true;71;0;8;0;327;71;0;8;0;
user.out;1.0;true;71;0;8;0;631;71;0;8;0;
user.out;1.0;true;71;0;8;0;541;71;0;8;0;
user.out;1.0;true;71;0;8;0;455;71;0;8;0;
user.out;1.0;true;71;0;8;0;364;71;0;8;0;
user.out;1.0;true;71;0;8;0;309;71;0;8;0;
user.out;1.0;true;71;0;8;0;487;71;0;8;0;
user.out;1.0;true;71;0;8;0;414;71;0;8;0;
user.out;1.0;true;71;0;8;0;372;71;0;8;0;
program.out;1.0;true;70;0;16;0;998;70;0;16;0;
program.out;1.0;true;70;0;16;0;1093;70;0;16;0;
program.out;1.0;true;70;0;16;0;1122;70;0;16;0;
program.out;1.0;true;70;0;16;0;982;70;0;16;0;
program.out;1.0;true;70;0;16;0;1265;70;0;16;0;
program.out;1.0;true;70;0;16;0;1136;70;0;16;0;
program.out;1.0;true;70;0;16;0;983;70;0;16;0;
program.out;1.0;true;70;0;16;0;1052;70;0;16;0;
program.out;1.0;true;70;0;16;0;1351;70;0;16;0;
program.out;1.0;true;70;0;16;0;991;70;0;16;0;
program.out;1.0;true;70;0;16;0;1586;70;0;16;0;
program.out;1.0;true;70;0;16;0;560;70;0;16;0;
program.out;1.0;true;70;0;16;0;404;70;0;16;0;
